  14.445068242397937   0.002502147336421296   0.0016739736655767305   -14.445068242397937   -0.002502147336421289   -0.0016739736655767311   0.002502147336421296   2.333845446406565   0.0002377553668593238   -0.002502147336421294   -2.3338454464065674   -0.0002377553668593239   0.0016739736655767305   0.0002377553668593238   2.333635949618311   -0.0016739736655767303   -0.0002377553668590517   -2.3336359496183117   -14.445068242397937   -0.002502147336421294   -0.0016739736655767303   14.445068242397937   0.002502147336421288   0.0016739736655767307   -0.002502147336421289   -2.3338454464065674   -0.0002377553668590517   0.002502147336421288   2.33384544640657   0.0002377553668590519   -0.0016739736655767311   -0.0002377553668593239   -2.3336359496183117   0.0016739736655767307   0.0002377553668590519   2.333635949618312 
  14.23620428704227   0.007574664346323936   0.005107111761723201   -14.23620428704227   -0.00757466434632391   -0.005107111761723202   0.007574664346323936   2.333649846295561   0.0007110474175928018   -0.007574664346323923   -2.3336498462955633   -0.0007110474175928019   0.005107111761723201   0.0007110474175928018   2.3330547952998755   -0.005107111761723194   -0.0007110474175925268   -2.333054795299876   -14.23620428704227   -0.007574664346323923   -0.005107111761723194   14.23620428704227   0.007574664346323901   0.005107111761723194   -0.00757466434632391   -2.3336498462955633   -0.0007110474175925268   0.007574664346323901   2.333649846295566   0.0007110474175925269   -0.005107111761723202   -0.0007110474175928019   -2.333054795299876   0.005107111761723194   0.0007110474175925269   2.3330547952998764 
  13.935240916410923   0.015339104097546553   0.010447842808277902   -13.935240916410923   -0.015339104097546477   -0.010447842808277902   0.015339104097546553   2.3333423050126254   0.0014190420023414807   -0.015339104097546533   -2.3333423050126276   -0.001419042002341481   0.010447842808277902   0.0014190420023414807   2.3322313721704973   -0.010447842808277893   -0.0014190420023412072   -2.3322313721704973   -13.935240916410923   -0.015339104097546533   -0.010447842808277893   13.935240916410923   0.015339104097546468   0.01044784280827789   -0.015339104097546477   -2.3333423050126276   -0.0014190420023412072   0.015339104097546468   2.33334230501263   0.0014190420023412074   -0.010447842808277902   -0.001419042002341481   -2.3322313721704973   0.01044784280827789   0.0014190420023412074   2.3322313721704977 
  13.556491310367065   0.0259658984601253   0.017907613759709323   -13.556491310367065   -0.025965898460125203   -0.017907613759709326   0.0259658984601253   2.3329196333979825   0.002362544623004208   -0.025965898460125272   -2.332919633397985   -0.002362544623004208   0.017907613759709323   0.002362544623004208   2.3312160813988436   -0.01790761375970931   -0.0023625446230039334   -2.3312160813988445   -13.556491310367065   -0.025965898460125272   -0.01790761375970931   13.556491310367065   0.025965898460125182   0.017907613759709305   -0.025965898460125203   -2.332919633397985   -0.0023625446230039334   0.025965898460125182   2.3329196333979874   0.0023625446230039334   -0.017907613759709326   -0.002362544623004208   -2.3312160813988445   0.017907613759709305   0.0023625446230039334   2.331216081398845 
  13.11821338473158   0.03966816108182026   0.02775944750734454   -13.11821338473158   -0.03966816108182011   -0.027759447507344544   0.03966816108182026   2.332385874148944   0.00354416723000831   -0.039668161081820225   -2.3323858741489465   -0.00354416723000831   0.02775944750734454   0.00354416723000831   2.3300690215618727   -0.027759447507344513   -0.0035441672300080434   -2.3300690215618736   -13.11821338473158   -0.039668161081820225   -0.027759447507344513   13.11821338473158   0.03966816108182007   0.027759447507344517   -0.03966816108182011   -2.3323858741489465   -0.0035441672300080434   0.03966816108182007   2.332385874148949   0.0035441672300080434   -0.027759447507344544   -0.00354416723000831   -2.3300690215618736   0.027759447507344517   0.0035441672300080434   2.330069021561874 
  12.641841404030401   0.056693464600927716   0.04033254907572004   -12.641841404030401   -0.05669346460092763   -0.04033254907572004   0.056693464600927716   2.3317526404828577   0.004968260520380276   -0.056693464600927675   -2.3317526404828595   -0.004968260520380276   0.04033254907572004   0.004968260520380276   2.3288547577035397   -0.04033254907572001   -0.004968260520379998   -2.3288547577035406   -12.641841404030401   -0.056693464600927675   -0.04033254907572001   12.641841404030401   0.05669346460092759   0.04033254907572001   -0.05669346460092763   -2.3317526404828595   -0.004968260520379998   0.05669346460092759   2.331752640482862   0.004968260520379997   -0.04033254907572004   -0.004968260520380276   -2.3288547577035406   0.04033254907572001   0.004968260520379997   2.328854757703541 
  12.150994366355206   0.07731247409001477   0.05600001503750779   -12.150994366355206   -0.07731247409001468   -0.05600001503750779   0.07731247409001477   2.3310371118174387   0.006640479466870469   -0.07731247409001471   -2.3310371118174404   -0.006640479466870468   0.05600001503750779   0.006640479466870469   2.3276353692520626   -0.05600001503750775   -0.0066404794668701835   -2.3276353692520635   -12.150994366355206   -0.07731247409001471   -0.05600001503750775   12.150994366355206   0.07731247409001463   0.05600001503750775   -0.07731247409001468   -2.3310371118174404   -0.0066404794668701835   0.07731247409001463   2.331037111817443   0.006640479466870182   -0.05600001503750779   -0.006640479466870468   -2.3276353692520635   0.05600001503750775   0.006640479466870182   2.327635369252064 
  11.670284800596464   0.10180275856812357   0.07515730112178051   -11.670284800596464   -0.1018027585681234   -0.07515730112178053   0.10180275856812357   2.330257307823062   0.008566892111512054   -0.10180275856812351   -2.3302573078230644   -0.008566892111512051   0.07515730112178051   0.008566892111512054   2.326462050343722   -0.07515730112178047   -0.008566892111511768   -2.3264620503437228   -11.670284800596464   -0.10180275856812351   -0.07515730112178047   11.670284800596464   0.10180275856812335   0.07515730112178046   -0.1018027585681234   -2.3302573078230644   -0.008566892111511768   0.10180275856812335   2.330257307823067   0.008566892111511766   -0.07515730112178053   -0.008566892111512051   -2.3264620503437228   0.07515730112178046   0.008566892111511766   2.326462050343723 
  11.22397862459048   0.1304262466028673   0.09819050614921511   -11.22397862459048   -0.13042624660286709   -0.0981905061492151   0.1304262466028673   2.329424832738216   0.010752604958223468   -0.13042624660286725   -2.329424832738218   -0.010752604958223463   0.09819050614921511   0.010752604958223468   2.325365839572172   -0.09819050614921505   -0.010752604958223187   -2.325365839572173   -11.22397862459048   -0.13042624660286725   -0.09819050614921505   11.223978624590478   0.130426246602867   0.09819050614921503   -0.13042624660286709   -2.329424832738218   -0.010752604958223187   0.130426246602867   2.3294248327382205   0.010752604958223184   -0.0981905061492151   -0.010752604958223463   -2.325365839572173   0.09819050614921503   0.010752604958223184   2.3253658395721732 
  10.834585719086157   0.16339973731751586   0.12543549995992054   -10.834585719086157   -0.16339973731751561   -0.1254354999599205   0.16339973731751586   2.328535933326654   0.013199956527934464   -0.1633997373175158   -2.3285359333266564   -0.013199956527934455   0.12543549995992054   0.013199956527934464   2.324348367485503   -0.1254354999599205   -0.013199956527934178   -2.324348367485504   -10.834585719086157   -0.1633997373175158   -0.1254354999599205   10.834585719086153   0.16339973731751553   0.12543549995992048   -0.16339973731751561   -2.3285359333266564   -0.013199956527934178   0.16339973731751553   2.328535933326659   0.013199956527934171   -0.1254354999599205   -0.013199956527934455   -2.324348367485504   0.12543549995992048   0.013199956527934171   2.3243483674855043 
  10.521485778644053   0.20085941294681584   0.1571310613275163   -10.521485778644053   -0.2008594129468155   -0.15713106132751628   0.20085941294681584   2.327562306997382   0.015906415840760788   -0.20085941294681572   -2.327562306997384   -0.01590641584076078   0.1571310613275163   0.015906415840760788   2.32337375891059   -0.15713106132751622   -0.015906415840760493   -2.3233737589105905   -10.521485778644053   -0.20085941294681572   -0.15713106132751622   10.52148577864405   0.20085941294681542   0.1571310613275162   -0.2008594129468155   -2.327562306997384   -0.015906415840760493   0.20085941294681542   2.3275623069973865   0.01590641584076049   -0.15713106132751628   -0.01590641584076078   -2.3233737589105905   0.1571310613275162   0.01590641584076049   2.323373758910591 
  10.299708194576281   0.2428220295537775   0.1933710297800919   -10.299708194576281   -0.24282202955377716   -0.19337102978009185   0.2428220295537775   2.3264434737617226   0.01886240176231245   -0.24282202955377738   -2.326443473761725   -0.01886240176231244   0.1933710297800919   0.01886240176231245   2.3223629350222135   -0.19337102978009182   -0.018862401762312166   -2.3223629350222144   -10.299708194576281   -0.24282202955377738   -0.19337102978009182   10.299708194576278   0.24282202955377707   0.19337102978009177   -0.24282202955377716   -2.326443473761725   -0.018862401762312166   0.24282202955377707   2.326443473761727   0.018862401762312155   -0.19337102978009185   -0.01886240176231244   -2.3223629350222144   0.19337102978009177   0.018862401762312155   2.322362935022215 
  10.17898287988558   0.2891469428062425   0.23406157240872424   -10.17898287988558   -0.2891469428062421   -0.23406157240872413   0.2891469428062425   2.3250825511829154   0.022049294977444605   -0.2891469428062424   -2.3250825511829167   -0.022049294977444588   0.23406157240872424   0.022049294977444605   2.3211914624675654   -0.2340615724087242   -0.022049294977444314   -2.3211914624675662   -10.17898287988558   -0.2891469428062424   -0.2340615724087242   10.178982879885577   0.2891469428062421   0.23406157240872408   -0.2891469428062421   -2.3250825511829167   -0.022049294977444314   0.2891469428062421   2.3250825511829194   0.022049294977444303   -0.23406157240872413   -0.022049294977444588   -2.3211914624675662   0.23406157240872408   0.022049294977444303   2.3211914624675667 
  10.163158732949782   0.339503965123354   0.27888971464196155   -10.16315873294978   -0.3395039651233537   -0.2788897146419614   0.339503965123354   2.323346879769306   0.02543792995402466   -0.33950396512335396   -2.323346879769308   -0.02543792995402464   0.27888971464196155   0.02543792995402466   2.319691767676772   -0.27888971464196144   -0.025437929954024364   -2.319691767676773   -10.16315873294978   -0.33950396512335396   -0.27888971464196144   10.163158732949777   0.3395039651233536   0.27888971464196133   -0.3395039651233537   -2.323346879769308   -0.025437929954024364   0.3395039651233536   2.3233468797693106   0.025437929954024347   -0.2788897146419614   -0.02543792995402464   -2.319691767676773   0.27888971464196133   0.025437929954024347   2.3196917676767734 
  10.250049579605232   0.3933520002284271   0.3273081929305595   -10.25004957960523   -0.39335200022842665   -0.3273081929305593   0.3933520002284271   2.32107417790504   0.028987819592232383   -0.393352000228427   -2.3210741779050417   -0.028987819592232355   0.3273081929305595   0.028987819592232383   2.3176600034154813   -0.3273081929305594   -0.028987819592232084   -2.3176600034154817   -10.25004957960523   -0.393352000228427   -0.3273081929305594   10.250049579605227   0.3933520002284266   0.32730819293055924   -0.39335200022842665   -2.3210741779050417   -0.028987819592232084   0.3933520002284266   2.3210741779050443   0.028987819592232063   -0.3273081929305593   -0.028987819592232355   -2.3176600034154817   0.32730819293055924   0.028987819592232063   2.317660003415482 
  10.431719664786112   0.4499324153431253   0.37853962755566345   -10.43171966478611   -0.4499324153431248   -0.37853962755566317   0.4499324153431253   2.3180839112817733   0.032647282104404055   -0.44993241534312517   -2.3180839112817755   -0.03264728210440402   0.37853962755566345   0.032647282104404055   2.314867208520531   -0.37853962755566334   -0.03264728210440374   -2.314867208520532   -10.43171966478611   -0.44993241534312517   -0.37853962755566334   10.431719664786108   0.4499324153431247   0.37853962755566306   -0.4499324153431248   -2.3180839112817755   -0.03264728210440374   0.4499324153431247   2.3180839112817777   0.03264728210440371   -0.37853962755566317   -0.03264728210440402   -2.314867208520532   0.37853962755566306   0.03264728210440371   2.3148672085205324 
  10.695170575936718   0.508279364552897   0.43160038679124096   -10.695170575936716   -0.5082793645528966   -0.43160038679124063   0.508279364552897   2.31419256814822   0.03635452282378542   -0.5082793645528969   -2.314192568148222   -0.03635452282378538   0.43160038679124096   0.03635452282378542   2.3110737665167007   -0.43160038679124085   -0.036354522823785124   -2.311073766516701   -10.695170575936716   -0.5082793645528969   -0.43160038679124085   10.695170575936714   0.5082793645528965   0.4316003867912405   -0.5082793645528966   -2.314192568148222   -0.036354522823785124   0.5082793645528965   2.3141925681482243   0.03635452282378509   -0.43160038679124063   -0.03635452282378538   -2.311073766516701   0.4316003867912405   0.03635452282378509   2.3110737665167016 
  11.023347999131888   0.5672471241653088   0.4853418533517113   -11.023347999131886   -0.5672471241653084   -0.4853418533517108   0.5672471241653088   2.3092307753265775   0.04003959748472467   -0.5672471241653086   -2.3092307753265797   -0.040039597484724625   0.4853418533517113   0.04003959748472467   2.306045676308502   -0.4853418533517112   -0.04003959748472438   -2.3060456763085027   -11.023347999131886   -0.5672471241653086   -0.4853418533517112   11.023347999131882   0.5672471241653083   0.4853418533517107   -0.5672471241653084   -2.3092307753265797   -0.04003959748472438   0.5672471241653083   2.309230775326582   0.04003959748472434   -0.4853418533517108   -0.040039597484724625   -2.3060456763085027   0.4853418533517107   0.04003959748472434   2.306045676308503 
  11.396357385671072   0.6255523845012319   0.5385046366207696   -11.39635738567107   -0.6255523845012315   -0.5385046366207692   0.6255523845012319   2.303059846984365   0.04362707512720952   -0.6255523845012319   -2.3030598469843673   -0.04362707512720947   0.5385046366207696   0.04362707512720952   2.2995708993375943   -0.5385046366207695   -0.04362707512720924   -2.299570899337595   -11.39635738567107   -0.6255523845012319   -0.5385046366207695   11.396357385671067   0.6255523845012314   0.5385046366207691   -0.6255523845012315   -2.3030598469843673   -0.04362707512720924   0.6255523845012314   2.30305984698437   0.04362707512720918   -0.5385046366207692   -0.04362707512720947   -2.299570899337595   0.5385046366207691   0.04362707512720918   2.2995708993375956 
  11.79276646327246   0.6818277736614428   0.5897799827699063   -11.792766463272459   -0.6818277736614424   -0.5897799827699056   0.6818277736614428   2.2955854934351616   0.047039149964656135   -0.6818277736614426   -2.295585493435164   -0.04703914996465608   0.5897799827699063   0.047039149964656135   2.291474085150245   -0.5897799827699062   -0.04703914996465585   -2.291474085150246   -11.792766463272459   -0.6818277736614426   -0.5897799827699062   11.792766463272457   0.6818277736614423   0.5897799827699055   -0.6818277736614424   -2.295585493435164   -0.04703914996465585   0.6818277736614423   2.2955854934351656   0.047039149964655795   -0.5897799827699056   -0.04703914996465608   -2.291474085150246   0.5897799827699055   0.047039149964655795   2.2914740851502464 
  12.190879492930552   0.7346819412404628   0.6378723736175254   -12.19087949293055   -0.7346819412404624   -0.6378723736175247   0.7346819412404628   2.28676697202967   0.050198932622085905   -0.7346819412404627   -2.286766972029672   -0.05019893262208584   0.6378723736175254   0.050198932622085905   2.281628276945926   -0.6378723736175252   -0.050198932622085614   -2.2816282769459266   -12.19087949293055   -0.7346819412404627   -0.6378723736175252   12.190879492930547   0.7346819412404623   0.6378723736175246   -0.7346819412404624   -2.286766972029672   -0.050198932622085614   0.7346819412404623   2.286766972029674   0.05019893262208555   -0.6378723736175247   -0.05019893262208584   -2.2816282769459266   0.6378723736175246   0.05019893262208555   2.281628276945927 
  12.569889618519248   0.7827613795994678   0.6815579851883227   -12.569889618519246   -0.7827613795994672   -0.6815579851883219   0.7827613795994678   2.276620781235069   0.05303367831657508   -0.7827613795994677   -2.276620781235071   -0.05303367831657502   0.6815579851883227   0.05303367831657508   2.269962680800912   -0.6815579851883226   -0.053033678316574795   -2.2699626808009126   -12.569889618519246   -0.7827613795994677   -0.6815579851883226   12.569889618519243   0.7827613795994672   0.6815579851883218   -0.7827613795994672   -2.276620781235071   -0.053033678316574795   0.7827613795994672   2.2766207812350734   0.053033678316574726   -0.6815579851883219   -0.05303367831657502   -2.2699626808009126   0.6815579851883218   0.053033678316574726   2.269962680800913 
  12.910845777329605   0.8248096852115301   0.7197350203816493   -12.910845777329603   -0.8248096852115298   -0.7197350203816484   0.8248096852115301   2.2652188827595983   0.0554777665451227   -0.8248096852115301   -2.2652188827596   -0.05547776654512263   0.7197350203816493   0.0554777665451227   2.2564661378262163   -0.7197350203816492   -0.05547776654512244   -2.256466137826217   -12.910845777329603   -0.8248096852115301   -0.7197350203816492   12.9108457773296   0.8248096852115296   0.7197350203816483   -0.8248096852115298   -2.2652188827596   -0.05547776654512244   0.8248096852115296   2.2652188827596027   0.05547776654512236   -0.7197350203816484   -0.05547776654512263   -2.256466137826217   0.7197350203816483   0.05547776654512236   2.2564661378262176 
  13.197403135404723   0.8597208989335394   0.751463563859091   -13.197403135404722   -0.8597208989335392   -0.7514635638590901   0.8597208989335394   2.2526821980263443   0.05747531016511092   -0.8597208989335394   -2.2526821980263465   -0.05747531016511085   0.751463563859091   0.05747531016511092   2.241186458922203   -0.7514635638590909   -0.05747531016511067   -2.2411864589222033   -13.197403135404722   -0.8597208989335394   -0.7514635638590909   13.197403135404718   0.8597208989335391   0.75146356385909   -0.8597208989335392   -2.2526821980263465   -0.05747531016511067   0.8597208989335391   2.2526821980263487   0.05747531016511059   -0.7514635638590901   -0.05747531016511085   -2.2411864589222033   0.75146356385909   0.05747531016511059   2.2411864589222037 
  13.416355471467767   0.8865845992091098   0.7759941644616631   -13.416355471467766   -0.8865845992091097   -0.7759941644616621   0.8865845992091098   2.239170634147523   0.058982318515938804   -0.8865845992091098   -2.239170634147525   -0.058982318515938735   0.7759941644616631   0.058982318515938804   2.224226183717695   -0.775994164461663   -0.05898231851593853   -2.224226183717696   -13.416355471467766   -0.8865845992091098   -0.775994164461663   13.416355471467762   0.8865845992091096   0.775994164461662   -0.8865845992091097   -2.239170634147525   -0.05898231851593853   0.8865845992091096   2.2391706341475275   0.05898231851593846   -0.7759941644616621   -0.058982318515938735   -2.224226183717696   0.775994164461662   0.05898231851593846   2.2242261837176964 
  13.55797057855081   0.9047212995948312   0.7927855530871363   -13.557970578550808   -0.9047212995948309   -0.7927855530871354   0.9047212995948312   2.2248711008435933   0.05996835620546198   -0.9047212995948312   -2.2248711008435955   -0.0599683562054619   0.7927855530871363   0.05996835620546198   2.205735565238631   -0.7927855530871362   -0.05996835620546172   -2.2057355652386312   -13.557970578550808   -0.9047212995948312   -0.7927855530871362   13.557970578550805   0.9047212995948307   0.7927855530871353   -0.9047212995948309   -2.2248711008435955   -0.05996835620546172   0.9047212995948307   2.224871100843598   0.05996835620546164   -0.7927855530871354   -0.0599683562054619   -2.2057355652386312   0.7927855530871353   0.05996835620546164   2.2057355652386317 
  13.616163515251829   0.9137073066197317   0.8015126119061775   -13.616163515251829   -0.9137073066197314   -0.8015126119061765   0.9137073066197317   2.2099849155900118   0.060417630195861154   -0.9137073066197317   -2.209984915590014   -0.06041763019586107   0.8015126119061775   0.060417630195861154   2.1859036591459016   -0.8015126119061774   -0.06041763019586089   -2.1859036591459025   -13.616163515251829   -0.9137073066197317   -0.8015126119061774   13.616163515251825   0.9137073066197312   0.8015126119061764   -0.9137073066197314   -2.209984915590014   -0.06041763019586089   0.9137073066197312   2.209984915590016   0.06041763019586083   -0.8015126119061765   -0.06041763019586107   -2.1859036591459025   0.8015126119061764   0.06041763019586083   2.1859036591459025 
  13.588546787806779   0.9133885799443565   0.8020659326323539   -13.588546787806779   -0.9133885799443565   -0.8020659326323526   0.9133885799443565   2.1947157540382043   0.06032942450548203   -0.9133885799443565   -2.194715754038206   -0.060329424505481954   0.8020659326323539   0.06032942450548203   2.164948345268808   -0.8020659326323538   -0.06032942450548177   -2.164948345268809   -13.588546787806779   -0.9133885799443565   -0.8020659326323538   13.588546787806775   0.9133885799443563   0.8020659326323526   -0.9133885799443565   -2.194715754038206   -0.06032942450548177   0.9133885799443563   2.1947157540382087   0.060329424505481705   -0.8020659326323526   -0.060329424505481954   -2.164948345268809   0.8020659326323526   0.060329424505481705   2.1649483452688094 
  13.476391884721245   0.9038834659957785   0.7945441650064764   -13.476391884721245   -0.9038834659957785   -0.7945441650064753   0.9038834659957785   2.179259003030381   0.05971781304792168   -0.9038834659957785   -2.179259003030383   -0.059717813047921585   0.7945441650064764   0.05971781304792168   2.143105982021536   -0.7945441650064763   -0.05971781304792143   -2.143105982021537   -13.476391884721245   -0.9038834659957785   -0.7945441650064763   13.476391884721242   0.9038834659957783   0.7945441650064752   -0.9038834659957785   -2.179259003030383   -0.05971781304792143   0.9038834659957783   2.1792590030303853   0.05971781304792135   -0.7945441650064753   -0.059717813047921585   -2.143105982021537   0.7945441650064752   0.05971781304792135   2.143105982021537 
  13.284524914573318   0.8855745852113462   0.7792400465103941   -13.284524914573318   -0.8855745852113464   -0.7792400465103928   0.8855745852113462   2.1637931027682358   0.05861063343365803   -0.8855745852113462   -2.163793102768238   -0.058610633433657945   0.7792400465103941   0.05861063343365803   2.1206212407623966   -0.7792400465103941   -0.05861063343365779   -2.1206212407623974   -13.284524914573318   -0.8855745852113462   -0.7792400465103941   13.284524914573316   0.8855745852113461   0.7792400465103928   -0.8855745852113464   -2.163793102768238   -0.05861063343365779   0.8855745852113461   2.16379310276824   0.05861063343365771   -0.7792400465103928   -0.058610633433657945   -2.1206212407623974   0.7792400465103928   0.05861063343365771   2.120621240762398 
  13.021163622868894   0.8590906370936234   0.7566206931869566   -13.021163622868894   -0.8590906370936238   -0.7566206931869555   0.8590906370936234   2.1484732477686577   0.05704778738129131   -0.8590906370936234   -2.14847324776866   -0.05704778738129123   0.7566206931869566   0.05704778738129131   2.097737518585654   -0.7566206931869566   -0.057047787381291085   -2.097737518585655   -13.021163622868894   -0.8590906370936234   -0.7566206931869566   13.021163622868892   0.8590906370936235   0.7566206931869555   -0.8590906370936238   -2.14847324776866   -0.057047787381291085   0.8590906370936235   2.148473247768662   0.057047787381291   -0.7566206931869555   -0.05704778738129123   -2.097737518585655   0.7566206931869555   0.057047787381291   2.0977375185856553 
  12.697687795968811   0.8252793072516152   0.7273025380212399   -12.697687795968813   -0.8252793072516157   -0.7273025380212387   0.8252793072516152   2.133427620101251   0.05507901381057301   -0.8252793072516152   -2.133427620101253   -0.055079013810572945   0.7273025380212399   0.05507901381057301   2.074688195942765   -0.7273025380212399   -0.05507901381057279   -2.074688195942766   -12.697687795968813   -0.8252793072516152   -0.7273025380212399   12.697687795968811   0.8252793072516155   0.7273025380212387   -0.8252793072516157   -2.133427620101253   -0.05507901381057279   0.8252793072516155   2.1334276201012554   0.05507901381057272   -0.7273025380212387   -0.055079013810572945   -2.074688195942766   0.7273025380212387   0.05507901381057272   2.0746881959427665 
  12.328323744447498   0.7851726763892563   0.6920212929037586   -12.328323744447502   -0.7851726763892568   -0.6920212929037574   0.7851726763892563   2.11875610747709   0.05276132686717635   -0.7851726763892563   -2.118756107477092   -0.052761326867176286   0.6920212929037586   0.05276132686717635   2.0516888927644157   -0.6920212929037586   -0.05276132686717613   -2.0516888927644166   -12.328323744447502   -0.7851726763892563   -0.6920212929037586   12.3283237444475   0.7851726763892567   0.6920212929037574   -0.7851726763892568   -2.118756107477092   -0.05276132686717613   0.7851726763892567   2.118756107477094   0.052761326867176064   -0.6920212929037574   -0.052761326867176286   -2.0516888927644166   0.6920212929037574   0.052761326867176064   2.051688892764417 
  11.929718677647084   0.7399465386807218   0.6515975149230191   -11.92971867764709   -0.7399465386807222   -0.651597514923018   0.7399465386807218   2.1045312038296804   0.050156313991383525   -0.7399465386807218   -2.104531203829682   -0.05015631399138346   0.6515975149230191   0.050156313991383525   2.028930789560302   -0.6515975149230191   -0.05015631399138332   -2.028930789560303   -11.92971867764709   -0.7399465386807218   -0.6515975149230191   11.929718677647088   0.7399465386807222   0.651597514923018   -0.7399465386807222   -2.104531203829682   -0.05015631399138332   0.7399465386807222   2.1045312038296844   0.050156313991383254   -0.651597514923018   -0.05015631399138346   -2.028930789560303   0.651597514923018   0.050156313991383254   2.0289307895603033 
  11.520383263188858   0.6908749807593574   0.60689878274937   -11.520383263188863   -0.6908749807593578   -0.6068987827493689   0.6908749807593574   2.090800542864255   0.04732746392743362   -0.6908749807593574   -2.090800542864257   -0.04732746392743356   0.60689878274937   0.04732746392743362   2.006575029524318   -0.60689878274937   -0.0473274639274334   -2.0065750295243188   -11.520383263188863   -0.6908749807593574   -0.60689878274937   11.520383263188862   0.6908749807593578   0.6068987827493689   -0.6908749807593578   -2.090800542864257   -0.0473274639274334   0.6908749807593578   2.090800542864259   0.04732746392743335   -0.6068987827493689   -0.04732746392743356   -2.0065750295243188   0.6068987827493689   0.04732746392743335   2.006575029524319 
  11.119990241050763   0.6392816359750526   0.5588000952817468   -11.119990241050766   -0.6392816359750533   -0.5588000952817458   0.6392816359750526   2.077590344727192   0.04433766452961873   -0.6392816359750526   -2.077590344727194   -0.04433766452961867   0.5588000952817468   0.04433766452961873   1.984748212684439   -0.5588000952817469   -0.04433766452961852   -1.9847482126844398   -11.119990241050766   -0.6392816359750526   -0.5588000952817469   11.119990241050765   0.6392816359750533   0.5588000952817458   -0.6392816359750533   -2.077590344727194   -0.04433766452961852   0.6392816359750533   2.0775903447271964   0.044337664529618466   -0.5588000952817458   -0.04433766452961867   -1.9847482126844398   0.5588000952817458   0.044337664529618466   1.9847482126844398 
  10.748532601163618   0.5864893071097252   0.5081447900884237   -10.748532601163623   -0.5864893071097259   -0.5081447900884226   0.5864893071097252   2.0649090221488935   0.041246989556383847   -0.5864893071097254   -2.0649090221488957   -0.04124698955638379   0.5081447900884237   0.041246989556383847   1.9635390316831922   -0.5081447900884238   -0.04124698955638364   -1.963539031683193   -10.748532601163623   -0.5864893071097254   -0.5081447900884238   10.748532601163621   0.5864893071097259   0.5081447900884226   -0.5864893071097259   -2.0649090221488957   -0.04124698955638364   0.5864893071097259   2.064909022148898   0.04124698955638359   -0.5081447900884226   -0.04124698955638379   -1.963539031683193   0.5081447900884226   0.04124698955638359   1.9635390316831935 
  10.425364843453275   0.5337700982707668   0.4557088789261937   -10.42536484345328   -0.5337700982707675   -0.4557088789261926   0.5337700982707668   2.0527503197420063   0.03811088187755409   -0.5337700982707669   -2.052750319742008   -0.03811088187755404   0.4557088789261937   0.03811088187755409   1.9429961657969397   -0.4557088789261938   -0.038110881877553904   -1.9429961657969406   -10.42536484345328   -0.5337700982707669   -0.4557088789261938   10.425364843453277   0.5337700982707675   0.4557088789261926   -0.5337700982707675   -2.052750319742008   -0.038110881877553904   0.5337700982707675   2.0527503197420107   0.03811088187755385   -0.4557088789261926   -0.03811088187755404   -1.9429961657969406   0.4557088789261926   0.03811088187755385   1.942996165796941 
  10.168172712068014   0.4822986541629387   0.4021720148988705   -10.168172712068019   -0.48229865416293927   -0.40217201489886945   0.4822986541629387   2.0410956296302794   0.034978827609128946   -0.4822986541629388   -2.0410956296302816   -0.0349788276091289   0.4021720148988705   0.034978827609128946   1.9231276201661156   -0.4021720148988706   -0.03497882760912875   -1.9231276201661165   -10.168172712068019   -0.4822986541629388   -0.4021720148988706   10.168172712068015   0.48229865416293927   0.40217201489886945   -0.48229865416293927   -2.0410956296302816   -0.03497882760912875   0.48229865416293927   2.041095629630284   0.0349788276091287   -0.40217201489886945   -0.0349788276091289   -1.9231276201661165   0.40217201489886945   0.0349788276091287   1.923127620166117 
  9.991937159885735   0.4331113712191166   0.3480981619950819   -9.991937159885738   -0.43311137121911714   -0.34809816199508087   0.4331113712191166   2.0299154796092846   0.03189359065240494   -0.4331113712191167   -2.0299154796092864   -0.03189359065240492   0.3480981619950819   0.03189359065240494   1.9039017414342783   -0.34809816199508203   -0.03189359065240476   -1.903901741434279   -9.991937159885738   -0.4331113712191167   -0.34809816199508203   9.991937159885735   0.43311137121911714   0.3480981619950809   -0.43311137121911714   -2.0299154796092864   -0.03189359065240476   0.43311137121911714   2.029915479609289   0.03189359065240472   -0.34809816199508087   -0.03189359065240492   -1.903901741434279   0.3480981619950809   0.03189359065240472   1.9039017414342794 
  9.907973250635314   0.3870743501354216   0.2939283293449268   -9.907973250635317   -0.38707435013542196   -0.29392832934492574   0.3870743501354216   2.019170540221691   0.02889103449314765   -0.38707435013542163   -2.019170540221693   -0.028891034493147626   0.2939283293449268   0.02889103449314765   1.8852501317442933   -0.2939283293449269   -0.028891034493147456   -1.885250131744294   -9.907973250635317   -0.38707435013542163   -0.2939283293449269   9.907973250635312   0.38707435013542196   0.2939283293449258   -0.38707435013542196   -2.019170540221693   -0.028891034493147456   0.38707435013542196   2.019170540221695   0.02889103449314742   -0.29392832934492574   -0.028891034493147626   -1.885250131744294   0.2939283293449258   0.02889103449314742   1.8852501317442942 
  9.923130546594464   0.3448623190183388   0.239986477537049   -9.923130546594468   -0.3448623190183392   -0.239986477537048   0.3448623190183388   2.0088127493604686   0.026000500465070284   -0.3448623190183388   -2.008812749360471   -0.02600050046507026   0.239986477537049   0.026000500465070284   1.8670726017696344   -0.2399864775370491   -0.026000500465070096   -1.8670726017696353   -9.923130546594468   -0.3448623190183388   -0.2399864775370491   9.923130546594464   0.34486231901833914   0.23998647753704805   -0.3448623190183392   -2.008812749360471   -0.026000500465070096   0.34486231901833914   2.0088127493604726   0.02600050046507006   -0.239986477537048   -0.02600050046507026   -1.8670726017696353   0.23998647753704805   0.02600050046507006   1.8670726017696357 
  10.039235728740383   0.30694980006790223   0.18649806118801812   -10.039235728740387   -0.30694980006790257   -0.18649806118801715   0.30694980006790223   1.9987872282187855   0.023245648570604776   -0.30694980006790223   -1.9987872282187873   -0.02324564857060476   0.18649806118801812   0.023245648570604776   1.8492441465183482   -0.18649806118801823   -0.023245648570604575   -1.8492441465183491   -10.039235728740387   -0.30694980006790223   -0.18649806118801823   10.039235728740382   0.3069498000679025   0.18649806118801718   -0.30694980006790257   -1.9987872282187873   -0.023245648570604575   0.3069498000679025   1.9987872282187888   0.023245648570604547   -0.18649806118801715   -0.02324564857060476   -1.8492441465183491   0.18649806118801718   0.023245648570604547   1.8492441465183493 
  10.252840248030726   0.2736145611501699   0.13361891946353624   -10.25284024803073   -0.27361456115016997   -0.13361891946353524   0.2736145611501699   1.9890355227780117   0.020645611682322564   -0.27361456115016985   -1.9890355227780134   -0.020645611682322554   0.13361891946353624   0.020645611682322564   1.8316237102244477   -0.13361891946353635   -0.02064561168232239   -1.8316237102244484   -10.25284024803073   -0.27361456115016985   -0.13361891946353635   10.252840248030724   0.2736145611501699   0.13361891946353527   -0.27361456115016997   -1.9890355227780134   -0.02064561168232239   0.2736145611501699   1.989035522778015   0.020645611682322366   -0.13361891946353524   -0.020645611682322554   -1.8316237102244484   0.13361891946353527   0.020645611682322366   1.8316237102244488 
  10.555307664018219   0.2449521067390633   0.08147070394878243   -10.55530766401822   -0.24495210673906306   -0.0814707039487814   0.2449521067390633   1.9795003709611159   0.018216279242776363   -0.24495210673906329   -1.9795003709611176   -0.018216279242776356   0.08147070394878243   0.018216279242776363   1.8140642624802505   -0.08147070394878254   -0.0182162792427762   -1.8140642624802512   -10.55530766401822   -0.24495210673906329   -0.08147070394878254   10.555307664018217   0.244952106739063   0.08147070394878143   -0.24495210673906306   -1.9795003709611176   -0.0182162792427762   0.244952106739063   1.9795003709611196   0.018216279242776183   -0.0814707039487814   -0.018216279242776356   -1.8140642624802512   0.08147070394878143   0.018216279242776183   1.8140642624802517 
  10.933241193369776   0.2208988661915603   0.030178056558620145   -10.933241193369778   -0.22089886619155968   -0.030178056558619073   0.2208988661915603   1.9701317459970293   0.015971520565149964   -0.22089886619156024   -1.9701317459970302   -0.01597152056514996   0.030178056558620145   0.015971520565149964   1.7964234834072175   -0.030178056558620235   -0.015971520565149812   -1.7964234834072184   -10.933241193369778   -0.22089886619156024   -0.030178056558620235   10.933241193369772   0.2208988661915596   0.030178056558619097   -0.22089886619155968   -1.9701317459970302   -0.015971520565149812   0.2208988661915596   1.9701317459970322   0.015971520565149798   -0.030178056558619073   -0.01597152056514996   -1.7964234834072184   0.030178056558619097   0.015971520565149798   1.7964234834072188 
  11.369217463354143   0.2012610416867007   -0.020097473781409803   -11.369217463354145   -0.20126104168669953   0.02009747378141094   0.2012610416867007   1.9608934795927255   0.013924181533880914   -0.20126104168670061   -1.9608934795927269   -0.013924181533880912   -0.020097473781409803   0.013924181533880914   1.7785741998731357   0.020097473781409702   -0.013924181533880782   -1.7785741998731366   -11.369217463354145   -0.20126104168670061   0.020097473781409702   11.36921746335414   0.20126104168669945   -0.0200974737814109   -0.20126104168669953   -1.9608934795927269   -0.013924181533880782   0.20126104168669945   1.9608934795927289   0.01392418153388077   0.02009747378141094   -0.013924181533880912   -1.7785741998731366   -0.0200974737814109   0.01392418153388077   1.778574199873137 
  11.842763251923975   0.18574590812169042   -0.06913121469123587   -11.842763251923976   -0.1857459081216887   0.06913121469123708   0.18574590812169042   1.9517694476840588   0.012086735606732098   -0.18574590812169028   -1.9517694476840601   -0.012086735606732098   -0.06913121469123587   0.012086735606732098   1.7604136659042748   0.06913121469123579   -0.012086735606731977   -1.7604136659042757   -11.842763251923976   -0.18574590812169028   0.06913121469123579   11.842763251923971   0.18574590812168856   -0.06913121469123704   -0.1857459081216887   -1.9517694476840601   -0.012086735606731977   0.18574590812168856   1.9517694476840621   0.012086735606731966   0.06913121469123708   -0.012086735606732098   -1.7604136659042757   -0.06913121469123704   0.012086735606731966   1.7604136659042762 
  12.331492584026456   0.17399272432410884   -0.11662005329320783   -12.331492584026458   -0.1739927243241067   0.1166200532932091   0.17399272432410884   1.9427681988305336   0.010471528986380426   -0.17399272432410867   -1.942768198830535   -0.010471528986380426   -0.11662005329320783   0.010471528986380426   1.7418708559048648   0.11662005329320776   -0.01047152898638031   -1.7418708559048657   -12.331492584026458   -0.17399272432410867   0.11662005329320776   12.331492584026455   0.17399272432410656   -0.11662005329320908   -0.1739927243241067   -1.942768198830535   -0.01047152898638031   0.17399272432410656   1.9427681988305365   0.0104715289863803   0.1166200532932091   -0.010471528986380426   -1.7418708559048657   -0.11662005329320908   0.0104715289863803   1.7418708559048661 
  12.812314230734126   0.16560121702216807   -0.1621795717997763   -12.812314230734126   -0.16560121702216538   0.16217957179977763   0.16560121702216807   1.9339250547693503   0.009090617584261164   -0.1656012170221679   -1.9339250547693514   -0.009090617584261163   -0.1621795717997763   0.009090617584261164   1.7229111306750073   0.1621795717997762   -0.009090617584261065   -1.722911130675008   -12.812314230734126   -0.1656012170221679   0.1621795717997762   12.81231423073412   0.1656012170221652   -0.1621795717997776   -0.16560121702216538   -1.9339250547693514   -0.009090617584261065   0.1656012170221652   1.9339250547693532   0.009090617584261055   0.16217957179977763   -0.009090617584261163   -1.722911130675008   -0.1621795717997776   0.009090617584261055   1.7229111306750085 
