  0.004342954519232919   -1.1725846203051495e-5   -1.0540736884950708e-5   -0.004342954519232919   1.1725846203051495e-5   1.0540736884950712e-5   -1.1725846203051495e-5   0.026783676260006467   -1.1109475713201616e-6   1.1725846203051492e-5   -0.02678367626000649   1.1109475713201635e-6   -1.0540736884950708e-5   -1.1109475713201616e-6   0.026792498338280898   1.0540736884950708e-5   1.1109475713232753e-6   -0.026792498338280905   -0.004342954519232919   1.1725846203051492e-5   1.0540736884950708e-5   0.004342954519232919   -1.1725846203051493e-5   -1.0540736884950712e-5   1.1725846203051495e-5   -0.02678367626000649   1.1109475713232753e-6   -1.1725846203051493e-5   0.02678367626000652   -1.1109475713232772e-6   1.0540736884950712e-5   1.1109475713201635e-6   -0.026792498338280905   -1.0540736884950712e-5   -1.1109475713232772e-6   0.026792498338280915 
  0.0044364599752092955   -3.50570124733403e-5   -3.1546966065645075e-5   -0.0044364599752092955   3.505701247334029e-5   3.154696606564509e-5   -3.50570124733403e-5   0.026793878655717866   -3.325035047227924e-6   3.505701247334029e-5   -0.026793878655717897   3.325035047227926e-6   -3.1546966065645075e-5   -3.325035047227924e-6   0.02682022273076568   3.1546966065645075e-5   3.325035047231043e-6   -0.026820222730765685   -0.0044364599752092955   3.505701247334029e-5   3.1546966065645075e-5   0.0044364599752092955   -3.5057012473340286e-5   -3.154696606564509e-5   3.505701247334029e-5   -0.026793878655717897   3.325035047231043e-6   -3.5057012473340286e-5   0.02679387865571792   -3.3250350472310453e-6   3.154696606564509e-5   3.325035047227926e-6   -0.026820222730765685   -3.154696606564509e-5   -3.3250350472310453e-6   0.026820222730765692 
  0.004570800965756229   -6.975253782836766e-5   -6.28767732628471e-5   -0.004570800965756229   6.975253782836768e-5   6.287677326284712e-5   -6.975253782836766e-5   0.026809946612129085   -6.623678421654444e-6   6.975253782836765e-5   -0.02680994661212911   6.623678421654442e-6   -6.28767732628471e-5   -6.623678421654444e-6   0.026862315696043585   6.28767732628471e-5   6.623678421657571e-6   -0.026862315696043592   -0.004570800965756229   6.975253782836765e-5   6.28767732628471e-5   0.004570800965756229   -6.975253782836765e-5   -6.287677326284712e-5   6.975253782836768e-5   -0.02680994661212911   6.623678421657571e-6   -6.975253782836765e-5   0.02680994661212914   -6.623678421657568e-6   6.287677326284712e-5   6.623678421654442e-6   -0.026862315696043592   -6.287677326284712e-5   -6.623678421657568e-6   0.0268623156960436 
  0.004739396518626379   -0.00011545313372234958   -0.0001043163421199507   -0.004739396518626379   0.00011545313372234961   0.00010431634211995073   -0.00011545313372234958   0.026832569822210557   -1.0977861177394598e-5   0.00011545313372234955   -0.02683256982221058   1.0977861177394595e-5   -0.0001043163421199507   -1.0977861177394598e-5   0.026919205215273277   0.0001043163421199507   1.0977861177397736e-5   -0.02691920521527329   -0.004739396518626379   0.00011545313372234955   0.0001043163421199507   0.004739396518626379   -0.00011545313372234957   -0.00010431634211995073   0.00011545313372234961   -0.02683256982221058   1.0977861177397736e-5   -0.00011545313372234957   0.02683256982221061   -1.0977861177397732e-5   0.00010431634211995073   1.0977861177394595e-5   -0.02691920521527329   -0.00010431634211995073   -1.0977861177397732e-5   0.026919205215273297 
  0.0049340443105196615   -0.00017168369052998094   -0.00015557236518439055   -0.0049340443105196615   0.00017168369052998102   0.00015557236518439063   -0.00017168369052998094   0.026862536286434924   -1.6348662934575308e-5   0.0001716836905299809   -0.026862536286434948   1.6348662934575304e-5   -0.00015557236518439055   -1.6348662934575308e-5   0.026991366688805404   0.00015557236518439055   1.6348662934578462e-5   -0.026991366688805415   -0.0049340443105196615   0.0001716836905299809   0.00015557236518439055   0.0049340443105196615   -0.00017168369052998096   -0.00015557236518439063   0.00017168369052998102   -0.026862536286434948   1.6348662934578462e-5   -0.00017168369052998096   0.026862536286434976   -1.634866293457846e-5   0.00015557236518439063   1.6348662934575304e-5   -0.026991366688805415   -0.00015557236518439063   -1.634866293457846e-5   0.02699136668880542 
  0.005145311066953347   -0.00023785562382881093   -0.0002162624389190949   -0.005145311066953347   0.00023785562382881104   0.00021626243891909494   -0.00023785562382881093   0.026900693611016577   -2.2687982676908634e-5   0.00023785562382881088   -0.0269006936110166   2.268798267690862e-5   -0.0002162624389190949   -2.2687982676908634e-5   0.027079301508716607   0.0002162624389190949   2.2687982676911802e-5   -0.027079301508716614   -0.005145311066953347   0.00023785562382881088   0.0002162624389190949   0.005145311066953347   -0.00023785562382881096   -0.00021626243891909497   0.00023785562382881104   -0.0269006936110166   2.2687982676911802e-5   -0.00023785562382881096   0.02690069361101663   -2.2687982676911795e-5   0.00021626243891909494   2.268798267690862e-5   -0.027079301508716614   -0.00021626243891909497   -2.2687982676911795e-5   0.02707930150871662 
  0.005362994361207192   -0.00031326879722052577   -0.00028590405781679163   -0.005362994361207192   0.0003132687972205259   0.00028590405781679174   -0.00031326879722052577   0.02694790431725039   -2.993945216716025e-5   0.0003132687972205257   -0.02694790431725042   2.9939452167160243e-5   -0.00028590405781679163   -2.993945216716025e-5   0.027183512153096917   0.00028590405781679163   2.9939452167163442e-5   -0.027183512153096927   -0.005362994361207192   0.0003132687972205257   0.00028590405781679163   0.005362994361207192   -0.0003132687972205258   -0.00028590405781679174   0.0003132687972205259   -0.02694790431725042   2.9939452167163442e-5   -0.0003132687972205258   0.026947904317250446   -2.9939452167163435e-5   0.00028590405781679174   2.9939452167160243e-5   -0.027183512153096927   -0.00028590405781679174   -2.9939452167163435e-5   0.027183512153096934 
  0.005576635234609536   -0.00039711313552519945   -0.000363903105657385   -0.005576635234609536   0.00039711313552519956   0.00036390310565738513   -0.00039711313552519945   0.0270049971949707   -3.803951974694519e-5   0.00039711313552519934   -0.02700499719497073   3.803951974694518e-5   -0.000363903105657385   -3.803951974694519e-5   0.027304474780546418   0.000363903105657385   3.803951974694841e-5   -0.02730447478054643   -0.005576635234609536   0.00039711313552519934   0.000363903105657385   0.005576635234609536   -0.0003971131355251995   -0.00036390310565738513   0.00039711313552519956   -0.02700499719497073   3.803951974694841e-5   -0.0003971131355251995   0.027004997194970754   -3.8039519746948394e-5   0.00036390310565738513   3.803951974694518e-5   -0.02730447478054643   -0.00036390310565738513   -3.8039519746948394e-5   0.027304474780546435 
  0.005776055847230608   -0.0004884703851074222   -0.0004495429887173254   -0.005776055847230608   0.0004884703851074224   0.00044954298871732555   -0.0004884703851074222   0.027072717153924623   -4.69186723805948e-5   0.000488470385107422   -0.027072717153924647   4.691867238059479e-5   -0.0004495429887173254   -4.69186723805948e-5   0.0274426105567735   0.0004495429887173254   4.691867238059804e-5   -0.027442610556773512   -0.005776055847230608   0.000488470385107422   0.0004495429887173254   0.005776055847230608   -0.0004884703851074224   -0.00044954298871732555   0.0004884703851074224   -0.027072717153924647   4.691867238059804e-5   -0.0004884703851074224   0.02707271715392467   -4.6918672380598024e-5   0.00044954298871732555   4.691867238059479e-5   -0.027442610556773512   -0.00044954298871732555   -4.6918672380598024e-5   0.02744261055677352 
  0.005951892188921833   -0.0005863167216150187   -0.0005419757271625751   -0.005951892188921833   0.0005863167216150191   0.0005419757271625755   -0.0005863167216150187   0.027151676339276943   -5.650275681043239e-5   0.0005863167216150186   -0.02715167633927697   5.6502756810432386e-5   -0.0005419757271625751   -5.650275681043239e-5   0.027598257155234025   0.0005419757271625751   5.6502756810435666e-5   -0.02759825715523403   -0.005951892188921833   0.0005863167216150186   0.0005419757271625751   0.005951892188921833   -0.000586316721615019   -0.0005419757271625755   0.0005863167216150191   -0.02715167633927697   5.6502756810435666e-5   -0.000586316721615019   0.027151676339277   -5.650275681043565e-5   0.0005419757271625755   5.6502756810432386e-5   -0.02759825715523403   -0.0005419757271625755   -5.650275681043565e-5   0.027598257155234042 
  0.006096089570224884   -0.0006895270276352897   -0.0006402163826600289   -0.0060960895702248845   0.0006895270276352899   0.0006402163826600291   -0.0006895270276352897   0.027242309421716362   -6.671435933648624e-5   0.0006895270276352896   -0.02724230942171639   6.671435933648624e-5   -0.0006402163826600289   -6.671435933648624e-5   0.027771642004791732   0.0006402163826600289   6.671435933648956e-5   -0.027771642004791743   -0.0060960895702248845   0.0006895270276352896   0.0006402163826600289   0.0060960895702248845   -0.0006895270276352898   -0.0006402163826600291   0.0006895270276352899   -0.02724230942171639   6.671435933648956e-5   -0.0006895270276352898   0.027242309421716418   -6.671435933648954e-5   0.0006402163826600291   6.671435933648624e-5   -0.027771642004791743   -0.0006402163826600291   -6.671435933648954e-5   0.02777164200479175 
  0.006202328900296589   -0.00079688166436814   -0.0007431421245818508   -0.006202328900296591   0.0007968816643681403   0.000743142124581851   -0.00079688166436814   0.027344835898080566   -7.747420702890414e-5   0.0007968816643681399   -0.02734483589808059   7.747420702890412e-5   -0.0007431421245818508   -7.747420702890414e-5   0.02796285887746929   0.0007431421245818508   7.747420702890747e-5   -0.027962858877469295   -0.006202328900296591   0.0007968816643681399   0.0007431421245818508   0.006202328900296591   -0.0007968816643681402   -0.000743142124581851   0.0007968816643681403   -0.02734483589808059   7.747420702890747e-5   -0.0007968816643681402   0.027344835898080618   -7.747420702890746e-5   0.000743142124581851   7.747420702890412e-5   -0.027962858877469295   -0.000743142124581851   -7.747420702890746e-5   0.027962858877469302 
  0.006266355078994368   -0.0009070764507412995   -0.0008494970088609079   -0.006266355078994369   0.0009070764507412999   0.0008494970088609082   -0.0009070764507412995   0.027459231916858614   -8.87025594727409e-5   0.0009070764507412994   -0.02745923191685864   8.870255947274089e-5   -0.0008494970088609079   -8.87025594727409e-5   0.028171849297385004   0.0008494970088609079   8.870255947274427e-5   -0.028171849297385015   -0.006266355078994369   0.0009070764507412994   0.0008494970088609079   0.006266355078994369   -0.0009070764507412998   -0.0008494970088609082   0.0009070764507412999   -0.02745923191685864   8.870255947274427e-5   -0.0009070764507412998   0.02745923191685867   -8.870255947274427e-5   0.0008494970088609082   8.870255947274089e-5   -0.028171849297385015   -0.0008494970088609082   -8.870255947274427e-5   0.02817184929738502 
  0.0062861851700441   -0.0010187363523385053   -0.0009579031679054772   -0.006286185170044102   0.0010187363523385057   0.0009579031679054775   -0.0010187363523385053   0.027585213579560845   -0.00010032056753245623   0.001018736352338505   -0.027585213579560872   0.00010032056753245621   -0.0009579031679054772   -0.00010032056753245623   0.0283983900039345   0.0009579031679054772   0.00010032056753245966   -0.028398390003934508   -0.006286185170044102   0.001018736352338505   0.0009579031679054772   0.006286185170044102   -0.0010187363523385055   -0.0009579031679054775   0.0010187363523385057   -0.027585213579560872   0.00010032056753245966   -0.0010187363523385055   0.0275852135795609   -0.00010032056753245966   0.0009579031679054775   0.00010032056753245621   -0.028398390003934508   -0.0009579031679054775   -0.00010032056753245966   0.028398390003934515 
  0.006262182857930999   -0.0011304330888471225   -0.001066878617645826   -0.0062621828579309995   0.0011304330888471232   0.0010668786176458267   -0.0011304330888471225   0.027722232907148064   -0.00011225158227046135   0.0011304330888471223   -0.02772223290714809   0.00011225158227046133   -0.001066878617645826   -0.00011225158227046135   0.0286420873346653   0.001066878617645826   0.00011225158227046479   -0.028642087334665306   -0.0062621828579309995   0.0011304330888471223   0.001066878617645826   0.0062621828579309995   -0.001130433088847123   -0.0010668786176458267   0.0011304330888471232   -0.02772223290714809   0.00011225158227046479   -0.001130433088847123   0.027722232907148113   -0.00011225158227046479   0.0010668786176458267   0.00011225158227046133   -0.028642087334665306   -0.0010668786176458267   -0.00011225158227046479   0.028642087334665313 
  0.00619699604117803   -0.0012407065192515242   -0.0011748613331808086   -0.006196996041178031   0.0012407065192515253   0.001174861333180809   -0.0012407065192515242   0.027869486778196256   -0.00012442240156587155   0.001240706519251524   -0.027869486778196288   0.00012442240156587155   -0.0011748613331808086   -0.00012442240156587155   0.028902378942092296   0.0011748613331808086   0.00012442240156587507   -0.028902378942092303   -0.006196996041178031   0.001240706519251524   0.0011748613331808086   0.006196996041178031   -0.001240706519251525   -0.001174861333180809   0.0012407065192515253   -0.027869486778196288   0.00012442240156587507   -0.001240706519251525   0.027869486778196312   -0.00012442240156587507   0.001174861333180809   0.00012442240156587155   -0.028902378942092303   -0.001174861333180809   -0.00012442240156587507   0.02890237894209231 
  0.006095365007466259   -0.0013480892947816169   -0.0012802386972656848   -0.0060953650074662595   0.0013480892947816178   0.0012802386972656852   -0.0013480892947816169   0.02802593824192247   -0.0001367644432484296   0.0013480892947816164   -0.028025938241922496   0.0001367644432484296   -0.0012802386972656848   -0.0001367644432484296   0.029178542773817186   0.0012802386972656848   0.0001367644432484332   -0.029178542773817196   -0.0060953650074662595   0.0013480892947816164   0.0012802386972656848   0.0060953650074662595   -0.0013480892947816175   -0.0012802386972656852   0.0013480892947816178   -0.028025938241922496   0.0001367644432484332   -0.0013480892947816175   0.028025938241922524   -0.0001367644432484332   0.0012802386972656852   0.0001367644432484296   -0.029178542773817196   -0.0012802386972656852   -0.0001367644432484332   0.029178542773817203 
  0.005963818153425179   -0.0014511339225091791   -0.001381380957494175   -0.005963818153425181   0.0014511339225091804   0.0013813809574941757   -0.0014511339225091791   0.028190348788171733   -0.00014921483153393275   0.001451133922509179   -0.028190348788171764   0.00014921483153393275   -0.001381380957494175   -0.00014921483153393275   0.029469712781566005   0.001381380957494175   0.00014921483153393638   -0.029469712781566012   -0.005963818153425181   0.001451133922509179   0.001381380957494175   0.005963818153425179   -0.0014511339225091802   -0.0013813809574941757   0.0014511339225091804   -0.028190348788171764   0.00014921483153393638   -0.0014511339225091802   0.02819034878817179   -0.00014921483153393638   0.0013813809574941757   0.00014921483153393275   -0.029469712781566012   -0.0013813809574941757   -0.00014921483153393638   0.029469712781566022 
  0.005810279544086803   -0.0015484410990376871   -0.0014766769974009924   -0.005810279544086804   0.0015484410990376882   0.001476676997400993   -0.0015484410990376871   0.028361319506221245   -0.0001617173788920042   0.001548441099037687   -0.028361319506221273   0.0001617173788920042   -0.0014766769974009924   -0.0001617173788920042   0.02977490043171894   0.0014766769974009924   0.00016171737889200788   -0.02977490043171895   -0.005810279544086804   0.001548441099037687   0.0014766769974009924   0.005810279544086802   -0.001548441099037688   -0.001476676997400993   0.0015484410990376882   -0.028361319506221273   0.00016171737889200788   -0.001548441099037688   0.0283613195062213   -0.0001617173788920079   0.001476676997400993   0.0001617173788920042   -0.02977490043171895   -0.001476676997400993   -0.0001617173788920079   0.029774900431718956 
  0.005643617052455057   -0.0016386879891590463   -0.0015645705692574321   -0.005643617052455058   0.0016386879891590474   0.001564570569257433   -0.0016386879891590463   0.02853733864237609   -0.00017422343969549845   0.0016386879891590461   -0.028537338642376116   0.00017422343969549845   -0.0015645705692574321   -0.00017422343969549845   0.030093020803157972   0.0015645705692574321   0.0001742234396955022   -0.030093020803157983   -0.005643617052455058   0.0016386879891590461   0.0015645705692574321   0.005643617052455056   -0.0016386879891590472   -0.001564570569257433   0.0016386879891590474   -0.028537338642376116   0.0001742234396955022   -0.0016386879891590472   0.028537338642376144   -0.00017422343969550222   0.001564570569257433   0.00017422343969549845   -0.030093020803157983   -0.001564570569257433   -0.00017422343969550222   0.03009302080315799 
  0.005473161182138713   -0.0017206550636038786   -0.0016435951594997982   -0.005473161182138714   0.00172065506360388   0.0016435951594997989   -0.0017206550636038786   0.028716832891709218   -0.00018669260739829574   0.001720655063603878   -0.02871683289170925   0.00018669260739829574   -0.0016435951594997982   -0.00018669260739829574   0.030422921894130074   0.0016435951594997982   0.00018669260739829954   -0.03042292189413009   -0.005473161182138714   0.001720655063603878   0.0016435951594997982   0.005473161182138712   -0.0017206550636038795   -0.0016435951594997989   0.00172065506360388   -0.02871683289170925   0.00018669260739829954   -0.0017206550636038795   0.028716832891709277   -0.0001866926073982996   0.0016435951594997989   0.00018669260739829574   -0.03042292189413009   -0.0016435951594997989   -0.0001866926073982996   0.0304229218941301 
  0.0053082232440146825   -0.001793250186943317   -0.0017124058438576378   -0.005308223244014684   0.0017932501869433182   0.0017124058438576385   -0.001793250186943317   0.028898219812726438   -0.00019909322657537073   0.0017932501869433167   -0.028898219812726472   0.00019909322657537078   -0.0017124058438576378   -0.00019909322657537073   0.03076341571456805   0.0017124058438576378   0.0001990932265753746   -0.030763415714568063   -0.005308223244014684   0.0017932501869433167   0.0017124058438576378   0.005308223244014682   -0.001793250186943318   -0.0017124058438576385   0.0017932501869433182   -0.028898219812726472   0.0001990932265753746   -0.001793250186943318   0.028898219812726497   -0.00019909322657537469   0.0017124058438576385   0.00019909322657537078   -0.030763415714568063   -0.0017124058438576385   -0.00019909322657537469   0.030763415714568074 
  0.005157637986314938   -0.0018555288647710145   -0.0017698068037685433   -0.005157637986314939   0.0018555288647710156   0.001769806803768544   -0.0018555288647710145   0.029079958985963814   -0.00021140269828271777   0.001855528864771014   -0.02907995898596384   0.00021140269828271788   -0.0017698068037685433   -0.00021140269828271777   0.031113309793469116   0.0017698068037685433   0.00021140269828272173   -0.03111330979346913   -0.005157637986314939   0.001855528864771014   0.0017698068037685433   0.0051576379863149365   -0.0018555288647710154   -0.001769806803768544   0.0018555288647710156   -0.02907995898596384   0.00021140269828272173   -0.0018555288647710154   0.029079958985963866   -0.0002114026982827218   0.001769806803768544   0.00021140269828271788   -0.03111330979346913   -0.001769806803768544   -0.0002114026982827218   0.03111330979346914 
  0.005029350913995169   -0.00190670991016411   -0.0018147735764988346   -0.00502935091399517   0.0019067099101641113   0.0018147735764988352   -0.00190670991016411   0.029260599882235085   -0.00022360757456017539   0.0019067099101641096   -0.029260599882235113   0.00022360757456017544   -0.0018147735764988346   -0.00022360757456017539   0.03147143785177519   0.0018147735764988346   0.00022360757456017937   -0.031471437851775204   -0.00502935091399517   0.0019067099101641096   0.0018147735764988346   0.005029350913995167   -0.0019067099101641109   -0.0018147735764988352   0.0019067099101641113   -0.029260599882235113   0.00022360757456017937   -0.0019067099101641109   0.029260599882235144   -0.00022360757456017948   0.0018147735764988352   0.00022360757456017544   -0.031471437851775204   -0.0018147735764988352   -0.00022360757456017948   0.03147143785177521 
  0.004930065237479445   -0.0019461862456988494   -0.0018464695548109711   -0.004930065237479446   0.001946186245698851   0.0018464695548109718   -0.0019461862456988494   0.029438824794947846   -0.0002357034657466618   0.0019461862456988488   -0.02943882479494788   0.00023570346574666186   -0.0018464695548109711   -0.0002357034657466618   0.031836688546693484   0.0018464695548109711   0.00023570346574666587   -0.0318366885466935   -0.004930065237479446   0.0019461862456988488   0.0018464695548109711   0.004930065237479442   -0.0019461862456988505   -0.0018464695548109718   0.001946186245698851   -0.02943882479494788   0.00023570346574666587   -0.0019461862456988505   0.02943882479494791   -0.00023570346574666596   0.0018464695548109718   0.00023570346574666186   -0.0318366885466935   -0.0018464695548109718   -0.00023570346574666596   0.031836688546693505 
  0.004864958386324204   -0.001973531060142041   -0.0018642566924634246   -0.004864958386324206   0.001973531060142042   0.0018642566924634253   -0.001973531060142041   0.029613485566822112   -0.00024769481809714826   0.00197353106014204   -0.029613485566822147   0.0002476948180971483   -0.0018642566924634246   -0.00024769481809714826   0.03220803135592071   0.0018642566924634246   0.0002476948180971524   -0.03220803135592073   -0.004864958386324206   0.00197353106014204   0.0018642566924634246   0.0048649583863242   -0.0019735310601420417   -0.0018642566924634253   0.001973531060142042   -0.029613485566822147   0.0002476948180971524   -0.0019735310601420417   0.029613485566822174   -0.0002476948180971525   0.0018642566924634253   0.0002476948180971483   -0.03220803135592073   -0.0018642566924634253   -0.0002476948180971525   0.032208031355920735 
  0.004837473803466844   -0.001988499990401343   -0.0018677007583049342   -0.004837473803466845   0.001988499990401345   0.001867700758304935   -0.001988499990401343   0.02978363316935678   -0.0002595946485282369   0.0019884999904013424   -0.02978363316935681   0.000259594648528237   -0.0018677007583049342   -0.0002595946485282369   0.03258453882308137   0.0018677007583049342   0.0002595946485282411   -0.032584538823081384   -0.004837473803466845   0.0019884999904013424   0.0018677007583049342   0.00483747380346684   -0.0019884999904013446   -0.001867700758304935   0.001988499990401345   -0.02978363316935681   0.0002595946485282411   -0.0019884999904013446   0.02978363316935684   -0.00025959464852824124   0.001867700758304935   0.000259594648528237   -0.032584538823081384   -0.001867700758304935   -0.00025959464852824124   0.03258453882308139 
  0.004849190530560115   -0.001991030276932131   -0.001856571759238542   -0.0048491905305601156   0.001991030276932133   0.0018565717592385427   -0.001991030276932131   0.029948539463054466   -0.0002714243339775311   0.0019910302769321304   -0.0299485394630545   0.0002714243339775312   -0.001856571759238542   -0.0002714243339775311   0.03296540452436217   0.001856571759238542   0.0002714243339775354   -0.03296540452436218   -0.0048491905305601156   0.0019910302769321304   0.001856571759238542   0.004849190530560108   -0.001991030276932132   -0.0018565717592385427   0.001991030276932133   -0.0299485394630545   0.0002714243339775354   -0.001991030276932132   0.02994853946305453   -0.0002714243339775355   0.0018565717592385427   0.0002714243339775312   -0.03296540452436218   -0.0018565717592385427   -0.0002714243339775355   0.032965404524362196 
  0.004899770890254587   -0.0019812378451332046   -0.0018308402765572283   -0.004899770890254589   0.0019812378451332063   0.001830840276557229   -0.0019812378451332046   0.030107710686584795   -0.0002832135335880588   0.0019812378451332037   -0.03010771068658483   0.0002832135335880589   -0.0018308402765572283   -0.0002832135335880588   0.03334995624484339   0.0018308402765572283   0.0002832135335880631   -0.033349956244843416   -0.004899770890254589   0.0019812378451332037   0.0018308402765572283   0.004899770890254581   -0.001981237845133206   -0.0018308402765572292   0.0019812378451332063   -0.03010771068658483   0.0002832135335880631   -0.001981237845133206   0.030107710686584858   -0.00028321353358806326   0.001830840276557229   0.0002832135335880589   -0.033349956244843416   -0.0018308402765572292   -0.00028321353358806326   0.03334995624484342 
  0.004986985163919305   -0.0019594129829802443   -0.0017906704224610929   -0.004986985163919306   0.001959412982980246   0.0017906704224610935   -0.0019594129829802443   0.03026089241087627   -0.00029500027271669505   0.001959412982980244   -0.030260892410876306   0.00029500027271669516   -0.0017906704224610929   -0.00029500027271669505   0.03373766397731584   0.0017906704224610929   0.0002950002727166994   -0.03373766397731586   -0.004986985163919306   0.001959412982980244   0.0017906704224610929   0.0049869851639192985   -0.0019594129829802456   -0.0017906704224610937   0.001959412982980246   -0.030260892410876306   0.0002950002727166994   -0.0019594129829802456   0.030260892410876334   -0.00029500027271669955   0.0017906704224610935   0.00029500027271669516   -0.03373766397731586   -0.0017906704224610937   -0.00029500027271669955   0.03373766397731587 
  0.005106811231443704   -0.001926014820785978   -0.0017364099679174562   -0.005106811231443705   0.0019260148207859802   0.0017364099679174575   -0.001926014820785978   0.03040806586553851   -0.00030683115330277675   0.0019260148207859776   -0.03040806586553855   0.0003068311533027769   -0.0017364099679174562   -0.00030683115330277675   0.03412814247943276   0.0017364099679174562   0.00030683115330278114   -0.03412814247943278   -0.005106811231443705   0.0019260148207859776   0.0017364099679174562   0.005106811231443694   -0.0019260148207859795   -0.0017364099679174577   0.0019260148207859802   -0.03040806586553855   0.00030683115330278114   -0.0019260148207859795   0.030408065865538573   -0.00030683115330278136   0.0017364099679174575   0.0003068311533027769   -0.03412814247943278   -0.0017364099679174577   -0.00030683115330278136   0.03412814247943279 
  0.005253606312661264   -0.0018816643570398646   -0.0016685780046692357   -0.005253606312661265   0.0018816643570398674   0.0016685780046692368   -0.0018816643570398646   0.030549435713124715   -0.00031876159877397927   0.0018816643570398642   -0.03054943571312475   0.00031876159877397943   -0.0016685780046692357   -0.00031876159877397927   0.0345211482477637   0.0016685780046692357   0.0003187615987739837   -0.03452114824776373   -0.005253606312661265   0.0018816643570398642   0.0016685780046692357   0.005253606312661256   -0.0018816643570398665   -0.001668578004669237   0.0018816643570398674   -0.03054943571312475   0.0003187615987739837   -0.0018816643570398665   0.030549435713124774   -0.00031876159877398393   0.0016685780046692368   0.00031876159877397943   -0.03452114824776373   -0.001668578004669237   -0.00031876159877398393   0.034521148247763735 
  0.005420346870009207   -0.0018271354875984982   -0.0015878503712587195   -0.005420346870009209   0.0018271354875985006   0.0015878503712587204   -0.0018271354875984982   0.030685409526528394   -0.0003308560130184967   0.001827135487598497   -0.03068540952652843   0.00033085601301849696   -0.0015878503712587195   -0.0003308560130184967   0.03491657089358158   0.0015878503712587195   0.0003308560130185013   -0.034916570893581605   -0.005420346870009209   0.001827135487598497   0.0015878503712587195   0.0054203468700092   -0.0018271354875985   -0.001587850371258721   0.0018271354875985006   -0.03068540952652843   0.0003308560130185013   -0.0018271354875985   0.030685409526528453   -0.00033085601301850156   0.0015878503712587204   0.00033085601301849696   -0.034916570893581605   -0.001587850371258721   -0.00033085601301850156   0.03491657089358161 
  0.005598931112290096   -0.0017633434646598899   -0.0014950430466105983   -0.005598931112290097   0.001763343464659893   0.0014950430466105992   -0.0017633434646598899   0.030816569436273308   -0.0003431877381964838   0.0017633434646598892   -0.030816569436273342   0.0003431877381964841   -0.0014950430466105983   -0.0003431877381964838   0.03531441904565545   0.0014950430466105983   0.0003431877381964885   -0.03531441904565548   -0.005598931112290097   0.0017633434646598892   0.0014950430466105983   0.005598931112290087   -0.0017633434646598923   -0.0014950430466105999   0.001763343464659893   -0.030816569436273342   0.0003431877381964885   -0.0017633434646598923   0.03081656943627337   -0.00034318773819648875   0.0014950430466105992   0.0003431877381964841   -0.03531441904565548   -0.0014950430466105999   -0.00034318773819648875   0.035314419045655486 
  0.00578053621703381   -0.0016913304086130566   -0.0013910937942881421   -0.005780536217033811   0.0016913304086130596   0.001391093794288143   -0.0016913304086130566   0.03094363667807865   -0.00035583872760125835   0.001691330408613056   -0.030943636678078684   0.0003558387276012587   -0.0013910937942881421   -0.00035583872760125835   0.03571480107512648   0.0013910937942881421   0.0003558387276012632   -0.035714801075126514   -0.005780536217033811   0.001691330408613056   0.0013910937942881421   0.005780536217033801   -0.001691330408613059   -0.001391093794288144   0.0016913304086130596   -0.030943636678078684   0.0003558387276012632   -0.001691330408613059   0.03094363667807871   -0.00035583872760126345   0.001391093794288143   0.0003558387276012587   -0.035714801075126514   -0.001391093794288144   -0.00035583872760126345   0.03571480107512652 
  0.005956019369404158   -0.001612247825381266   -0.001277042486482554   -0.005956019369404161   0.0016122478253812688   0.001277042486482555   -0.001612247825381266   0.031067430097448244   -0.0003688988929336175   0.001612247825381265   -0.03106743009744828   0.00036889889293361777   -0.001277042486482554   -0.0003688988929336175   0.03611790114918555   0.001277042486482554   0.00036889889293362227   -0.03611790114918558   -0.005956019369404161   0.001612247825381265   0.001277042486482554   0.00595601936940415   -0.0016122478253812681   -0.0012770424864825558   0.0016122478253812688   -0.03106743009744828   0.00036889889293362227   -0.0016122478253812681   0.031067430097448303   -0.0003688988929336227   0.001277042486482555   0.00036889889293361777   -0.03611790114918558   -0.0012770424864825558   -0.0003688988929336227   0.0361179011491856 
  0.006116348196693834   -0.0015273364411034155   -0.0011540106954671136   -0.006116348196693837   0.0015273364411034186   0.001154010695467115   -0.0015273364411034155   0.031188820048441625   -0.0003824651270486757   0.0015273364411034147   -0.031188820048441656   0.00038246512704867607   -0.0011540106954671136   -0.0003824651270486757   0.03652395137566407   0.0011540106954671138   0.0003824651270486806   -0.0365239513756641   -0.006116348196693837   0.0015273364411034147   0.0011540106954671138   0.006116348196693827   -0.0015273364411034177   -0.0011540106954671158   0.0015273364411034186   -0.031188820048441656   0.0003824651270486806   -0.0015273364411034177   0.031188820048441687   -0.00038246512704868095   0.001154010695467115   0.00038246512704867607   -0.0365239513756641   -0.0011540106954671158   -0.00038246512704868095   0.03652395137566412 
  0.006253042544656547   -0.0014379039791418986   -0.0010231812632139413   -0.00625304254465655   0.0014379039791419014   0.0010231812632139426   -0.0014379039791418986   0.031308679526896435   -0.00039664003585813875   0.0014379039791418977   -0.03130867952689648   0.00039664003585813913   -0.0010231812632139413   -0.00039664003585813875   0.03693320108665504   0.0010231812632139417   0.0003966400358581438   -0.03693320108665507   -0.00625304254465655   0.0014379039791418977   0.0010231812632139417   0.0062530425446565415   -0.0014379039791419005   -0.0010231812632139434   0.0014379039791419014   -0.03130867952689648   0.0003966400358581438   -0.0014379039791419005   0.031308679526896505   -0.0003966400358581441   0.0010231812632139426   0.00039664003585813913   -0.03693320108665507   -0.0010231812632139434   -0.0003966400358581441   0.03693320108665509 
  0.006358606329079044   -0.001345301730251721   -0.0008857786126842059   -0.006358606329079048   0.0013453017302517236   0.0008857786126842072   -0.001345301730251721   0.03142783475361374   -0.00041153043454827026   0.0013453017302517197   -0.03142783475361377   0.00041153043454827064   -0.0008857786126842059   -0.00041153043454827026   0.037345884597765965   0.0008857786126842061   0.0004115304345482753   -0.03734588459776599   -0.006358606329079048   0.0013453017302517197   0.0008857786126842061   0.0063586063290790385   -0.0013453017302517227   -0.0008857786126842081   0.0013453017302517236   -0.03142783475361377   0.0004115304345482753   -0.0013453017302517227   0.031427834753613805   -0.0004115304345482758   0.0008857786126842072   0.00041153043454827064   -0.03734588459776599   -0.0008857786126842081   -0.0004115304345482758   0.037345884597766006 
  0.006426926010882503   -0.0012509008897606804   -0.0007430505282702429   -0.006426926010882509   0.0012509008897606834   0.0007430505282702439   -0.0012509008897606804   0.03154701770891333   -0.0004272456749246484   0.0012509008897606795   -0.03154701770891336   0.00042724567492464886   -0.0007430505282702429   -0.0004272456749246484   0.037762189031361346   0.0007430505282702431   0.0004272456749246536   -0.03776218903136138   -0.006426926010882509   0.0012509008897606795   0.0007430505282702431   0.006426926010882499   -0.0012509008897606826   -0.0007430505282702451   0.0012509008897606834   -0.03154701770891336   0.0004272456749246536   -0.0012509008897606826   0.03154701770891339   -0.000427245674924654   0.0007430505282702439   0.00042724567492464886   -0.03776218903136138   -0.0007430505282702451   -0.000427245674924654   0.0377621890313614 
  0.006453611663648241   -0.0011560696549432967   -0.0005962520046852423   -0.006453611663648249   0.0011560696549432997   0.0005962520046852434   -0.0011560696549432967   0.03166682325521539   -0.00044389587502082845   0.0011560696549432958   -0.03166682325521542   0.00044389587502082883   -0.0005962520046852423   -0.00044389587502082845   0.03818222396349317   0.0005962520046852426   0.00044389587502083376   -0.03818222396349321   -0.006453611663648249   0.0011560696549432958   0.0005962520046852426   0.0064536116636482385   -0.0011560696549432986   -0.0005962520046852447   0.0011560696549432997   -0.03166682325521542   0.00044389587502083376   -0.0011560696549432986   0.03166682325521546   -0.00044389587502083414   0.0005962520046852434   0.00044389587502082883   -0.03818222396349321   -0.0005962520046852447   -0.00044389587502083414   0.03818222396349323 
  0.006436258059078663   -0.0010621519986545006   -0.00044663155482973843   -0.006436258059078672   0.0010621519986545034   0.0004466315548297396   -0.0010621519986545006   0.03178767341975338   -0.00046159012144918546   0.0010621519986544997   -0.031787673419753415   0.00046159012144918584   -0.00044663155482973843   -0.00046159012144918546   0.03860599470504992   0.00044663155482973875   0.0004615901214491909   -0.038605994705049954   -0.006436258059078672   0.0010621519986544997   0.00044663155482973875   0.0064362580590786615   -0.0010621519986545025   -0.0004466315548297409   0.0010621519986545034   -0.031787673419753415   0.0004615901214491909   -0.0010621519986545025   0.03178767341975345   -0.0004615901214491913   0.0004466315548297396   0.00046159012144918584   -0.038605994705049954   -0.0004466315548297409   -0.0004615901214491913   0.03860599470504997 
  0.006374606863096718   -0.0009704488748297913   -0.00029542010297696806   -0.006374606863096726   0.0009704488748297942   0.00029542010297696925   -0.0009704488748297913   0.03190979111906678   -0.00048043471104242965   0.0009704488748297905   -0.031909791119066805   0.00048043471104243003   -0.00029542010297696806   -0.00048043471104242965   0.039033380929751865   0.0002954201029769685   0.0004804347110424351   -0.03903338092975191   -0.006374606863096726   0.0009704488748297905   0.0002954201029769685   0.006374606863096717   -0.000970448874829793   -0.0002954201029769707   0.0009704488748297942   -0.031909791119066805   0.0004804347110424351   -0.000970448874829793   0.031909791119066847   -0.0004804347110424355   0.00029542010297696925   0.00048043471104243003   -0.03903338092975191   -0.0002954201029769707   -0.0004804347110424355   0.03903338092975192 
  0.006270596761785833   -0.0008822023862454012   -0.00014382230542701676   -0.006270596761785844   0.0008822023862454037   0.00014382230542701784   -0.0008822023862454012   0.03203318509510234   -0.0005005314922892349   0.0008822023862454004   -0.03203318509510238   0.0005005314922892353   -0.00014382230542701676   -0.0005005314922892349   0.039464122105440654   0.00014382230542701725   0.0005005314922892405   -0.0394641221054407   -0.006270596761785844   0.0008822023862454004   0.00014382230542701725   0.006270596761785833   -0.0008822023862454026   -0.0001438223054270195   0.0008822023862454037   -0.03203318509510238   0.0005005314922892405   -0.0008822023862454026   0.03203318509510242   -0.000500531492289241   0.00014382230542701784   0.0005005314922892353   -0.0394641221054407   -0.0001438223054270195   -0.000500531492289241   0.039464122105440716 
  0.006128295636471827   -0.0007985831782171998   6.990123625876888e-6   -0.006128295636471839   0.000798583178217202   -6.990123625875891e-6   -0.0007985831782171998   0.032157647136947284   -0.0005219763597595662   0.0007985831782171988   -0.03215764713694732   0.0005219763597595667   6.990123625876888e-6   -0.0005219763597595662   0.039897810783503025   -6.990123625876344e-6   0.000521976359759572   -0.039897810783503074   -0.006128295636471839   0.0007985831782171988   -6.990123625876344e-6   0.006128295636471829   -0.0007985831782172008   6.990123625874048e-6   0.000798583178217202   -0.03215764713694732   0.000521976359759572   -0.0007985831782172008   0.032157647136947354   -0.0005219763597595723   -6.990123625875891e-6   0.0005219763597595667   -0.039897810783503074   6.990123625874048e-6   -0.0005219763597595723   0.03989781078350309 
  0.005953717023777124   -0.000720681039564051   0.0001558837112164819   -0.005953717023777137   0.0007206810395640529   -0.00015588371121648105   -0.000720681039564051   0.0322827618482903   -0.0005448579469134803   0.0007206810395640501   -0.032282761848290334   0.0005448579469134807   0.0001558837112164819   -0.0005448579469134803   0.04033389428882271   -0.0001558837112164813   0.0005448579469134861   -0.04033389428882275   -0.005953717023777137   0.0007206810395640501   -0.0001558837112164813   0.005953717023777128   -0.0007206810395640518   0.00015588371121647902   0.0007206810395640529   -0.032282761848290334   0.0005448579469134861   -0.0007206810395640518   0.032282761848290376   -0.0005448579469134865   -0.00015588371121648105   0.0005448579469134807   -0.04033389428882275   0.00015588371121647902   -0.0005448579469134865   0.040333894288822766 
